50
100
70 7
30 6
30 19
80 24
100 47
100 82
70 69
50 44
80 67
30 16
100 75
100 16
100 34
30 29
60 5
70 12
50 38
80 16
60 33
30 29
70 3
50 45
90 13
90 15
60 25
90 6
60 35
60 9
100 78
90 73
60 40
70 4
40 29
30 4
40 14
50 43
100 18
60 33
60 53
60 50
80 68
30 4
100 22
30 8
40 7
40 17
80 72
30 28
80 79
80 27
90 42
60 15
80 73
40 23
90 16
50 31
100 63
60 56
30 5
40 10
100 13
90 71
100 73
50 23
60 13
30 4
90 35
80 72
40 35
60 48
30 12
50 29
80 41
60 4
60 16
40 33
90 36
30 27
60 19
80 51
40 37
60 15
60 25
50 33
100 46
50 49
90 78
100 92
60 56
40 14
60 41
50 27
80 70
100 68
60 49
70 41
50 46
90 81
40 16
30 1